53010152254
80102469176
48083071559
01241757946
60062595975
46092579123
93112227919
82080275486
83021395977
98041187992
65120114817
53101875956
96110989522
96010469696
75011481889
75021074677
44011346867
45101437243
78021767837
84081489725
63032759863
75121471248
48030666773
66120457896
95080586757
67121737354
63121599437
53121099679
68033125367
45072619475
89062977987
46080453613
47110632132
88100334739
72031056499
76081749989
53020652717
75051131665
61030425232
78080147737
63030339144
92092586212
59060143563
66111986668
44092951437
96072519753
44031534936
57022415956
80053026181
53032257164
71061122888
67072952954
79052526921
93090822944
99072537468
71090496826
82102857746
58050719663
92101841952
89030651938
77011659152
58061988926
73102598494
47011611698
95071322865
72121052671
46011816256
97122077285
83012211246
85100872375
77021424728
77070897474
44121976442
69061636665
52080246764
00282294717
49072123222
49052214317
45120413239
44010628582
49020583942
49122118154
92030873428
82020813192
91082285274
58011334319
97110787912
88070576328
90051212875
50111172138
96030547918
45092953375
97071147149
46052457155
83121079458
99042555964
83052555315
53033143459
68032874552
72092262473
